14:
Fitness: 4.4762825744602335

phase_biases:
[[[[None, -1.0453402411243449], [-0.8406904284432706, -1.0453402411243449], [-0.8406904284432706, -1.0453402411243449], [-0.8406904284432706, -1.0453402411243449], [-0.8406904284432706, -1.0453402411243449], [-0.8406904284432706, -1.0453402411243449]], [[-1.3996944172750112, None], [-1.3996944172750112, -2.7806543903170766], [-1.3996944172750112, -2.7806543903170766], [-1.3996944172750112, -2.7806543903170766], [-1.3996944172750112, -2.7806543903170766], [-1.3996944172750112, -2.7806543903170766]]], [[[-0.20831974681189624, -1.7721423029076213], [None, -1.7721423029076213], [-0.20831974681189624, -1.7721423029076213], [-0.20831974681189624, -1.7721423029076213], [-0.20831974681189624, -1.7721423029076213], [-0.20831974681189624, -1.7721423029076213]], [[2.8979792863364207, 1.3422375870160765], [2.8979792863364207, None], [2.8979792863364207, 1.3422375870160765], [2.8979792863364207, 1.3422375870160765], [2.8979792863364207, 1.3422375870160765], [2.8979792863364207, 1.3422375870160765]]], [[[2.8273055848096966, 2.8931085134776247], [2.8273055848096966, 2.8931085134776247], [None, 2.8931085134776247], [2.8273055848096966, 2.8931085134776247], [2.8273055848096966, 2.8931085134776247], [2.8273055848096966, 2.8931085134776247]], [[-1.079726509959082, -1.8372900381403872], [-1.079726509959082, -1.8372900381403872], [-1.079726509959082, None], [-1.079726509959082, -1.8372900381403872], [-1.079726509959082, -1.8372900381403872], [-1.079726509959082, -1.8372900381403872]]], [[[-1.3231642847165164, -0.8599566819096518], [-1.3231642847165164, -0.8599566819096518], [-1.3231642847165164, -0.8599566819096518], [None, -0.8599566819096518], [-1.3231642847165164, -0.8599566819096518], [-1.3231642847165164, -0.8599566819096518]], [[-0.8386111162192442, -0.8310797121885694], [-0.8386111162192442, -0.8310797121885694], [-0.8386111162192442, -0.8310797121885694], [-0.8386111162192442, None], [-0.8386111162192442, -0.8310797121885694], [-0.8386111162192442, -0.8310797121885694]]], [[[-0.8309597445860897, -0.8309226965746888], [-0.8309597445860897, -0.8309226965746888], [-0.8309597445860897, -0.8309226965746888], [-0.8309597445860897, -0.8309226965746888], [None, -0.8309226965746888], [-0.8309597445860897, -0.8309226965746888]], [[-0.830922442637787, -0.8309224078490045], [-0.830922442637787, -0.8309224078490045], [-0.830922442637787, -0.8309224078490045], [-0.830922442637787, -0.8309224078490045], [-0.830922442637787, None], [-0.830922442637787, -0.8309224078490045]]], [[[-0.8309224077636443, -0.830922407751653], [-0.8309224077636443, -0.830922407751653], [-0.8309224077636443, -0.830922407751653], [-0.8309224077636443, -0.830922407751653], [-0.8309224077636443, -0.830922407751653], [None, -0.830922407751653]], [[-0.8309224077516406, -0.8309224077516406], [-0.8309224077516406, -0.8309224077516406], [-0.8309224077516406, -0.8309224077516406], [-0.8309224077516406, -0.8309224077516406], [-0.8309224077516406, -0.8309224077516406], [-0.8309224077516406, None]]]]
intrinsic_amplitudes:
[-0.8065469375083492, -1.3036947879775265, 0.8049303999908033, 0.9523716376057347, 0.8049304001248463, 0.9523716377928855, 0.8049304001248463, 0.9523716377928855, 0.8049304001248463, 0.9523716377928855, 0.8049304001248463, 0.9523716377928855]


-------------------------------------------------------
